G11  Projector

Video
0000 006c 0000 0011 0014 003c 0014 003c 0014 0014 0014 0014 0014 003c 0014 003c 0014 003c 0014 0014 0014 003c 0014 0014 0014 0014 0014 0014 0014 003c 0014 0014 0014 0014 0014 0014 0014 033b

Operate
0000 006c 0000 0011 0014 003d 0014 003c 0014 0014 0014 0014 0014 003c 0014 003c 0014 003c 0014 0014 0014 003c 0014 003c 0014 003c 0014 0014 0014 003c 0014 0014 0014 0014 0014 0014 0014 02ea

Computer
0000 006c 0000 0011 0014 003c 0014 003c 0014 0014 0014 0014 0014 003c 0014 003c 0014 003c 0014 0014 0014 0014 0014 0014 0014 0014 0014 0014 0014 003c 0014 0014 0014 0014 0014 0014 0014 0363

Page back
0000 006c 0000 0011 0014 003d 0014 003c 0014 0014 0014 0014 0014 003c 0014 003c 0014 003c 0014 0014 0014 003c 0014 003c 0014 0014 0014 0014 0014 0014 0014 0014 0014 0014 0014 0014 0014 033b

Preset
0000 006c 0000 0011 0014 003d 0014 003c 0014 0014 0014 0014 0014 003c 0014 003c 0014 003c 0014 0014 0014 0014 0014 0014 0014 003c 0014 0014 0014 0014 0014 0014 0014 0014 0014 0014 0014 0363

Cursor Up
0000 006c 0000 0011 0014 003c 0014 003c 0014 0014 0014 0014 0014 003c 0014 003c 0014 003c 0014 0014 0014 003c 0014 0014 0014 0014 0014 0014 0014 0014 0014 0014 0014 0014 0014 0014 0014 0363

ursor DN
0000 006c 0000 0011 0014 003c 0014 003d 0014 0014 0014 0014 0014 003c 0014 003d 0014 003c 0014 0014 0014 0014 0014 003c 0014 0014 0014 0014 0014 0014 0014 0014 0014 0014 0014 0014 0014 0363

Cursor LT
0000 006c 0000 0011 0014 003c 0014 003c 0014 0014 0014 0014 0014 003c 0014 003c 0014 003c 0014 0014 0014 0014 0014 003c 0014 003c 0014 0014 0014 003c 0014 003c 0014 0014 0014 0014 0014 02ea

Cursor RT
0000 006c 0000 0011 0014 003d 0014 003c 0014 0014 0014 0014 0014 003d 0014 003c 0014 003c 0014 0014 0014 0014 0014 0014 0014 003c 0014 0014 0014 003c 0014 003c 0014 0014 0014 0014 0014 0312

Menu/Enter
0000 006c 0000 0011 0014 003d 0014 003c 0014 0014 0014 0014 0014 003c 0014 003c 0014 003c 0014 0014 0014 0014 0014 0014 0014 0014 0014 0014 0014 003c 0014 003c 0014 0014 0014 0014 0014 033b

Zoom Out
0000 006d 0000 0011 0014 003c 0014 003c 0014 0014 0014 0014 0014 003c 0014 003c 0014 003c 0014 0014 0014 0014 0014 0014 0014 003c 0014 0014 0014 0014 0014 003c 0014 0014 0014 0014 0014 0333

Zoom In
0000 006c 0000 0011 0014 003c 0014 003c 0014 0014 0014 0014 0014 003c 0014 003c 0014 003c 0014 0014 0014 003c 0014 003c 0014 0014 0014 0014 0014 0014 0014 003c 0014 0014 0014 0014 0014 0312

Focus +
0000 006c 0000 0011 0014 003d 0014 003c 0014 0014 0014 0014 0014 003c 0014 003c 0014 003d 0014 0014 0014 0014 0014 0014 0014 003c 0014 003c 0014 003c 0014 003c 0014 0014 0014 0014 0014 02ea

Focus -
0000 006c 0000 0011 0014 003c 0014 003c 0014 0014 0014 0014 0014 003c 0014 003c 0014 003c 0014 0014 0014 003c 0014 0014 0014 003c 0014 003c 0014 003c 0014 003c 0014 0014 0014 0014 0014 02c2





DSP-A1



DVD Digital
0000 006d 0022 0002 0155 00aa 0016 003f 0016 0015 0016 003f 0016 003f 0016 003f 0016 003f 0016 003f 0016 0015 0016 0014 0016 003f 0016 0014 0016 0014 0016 0015 0016 0015 0016 0015 0016 003f 0016 003f 0016 0014 0016 003f 0016 0014 0016 0014 0016 0015 0016 0015 0016 003f 0016 0015 0016 003f 0016 0014 0016 003f 0016 003f 0016 003f 0016 003f 0016 0014 0016 05e6 0155 0055 0016 0e39

DVD Analog
0000 006d 0022 0002 0155 00aa 0016 003f 0016 0015 0016 003f 0016 003f 0016 003f 0016 003f 0016 003f 0016 0015 0016 0015 0016 003f 0016 0014 0016 0014 0016 0014 0016 0015 0016 0015 0016 003f 0016 0015 0016 003f 0016 0014 0016 0014 0016 0014 0016 0015 0016 0015 0016 003f 0016 003f 0016 0015 0016 003f 0016 003f 0016 003f 0016 003f 0016 003f 0016 0014 0016 05e6 0155 0055 0016 0e39

TV
0000 006d 0020 0002 0155 00aa 0016 003f 0016 0015 0016 003f 0016 003f 0016 003f 0016 003f 0016 003f 0016 0015 0016 0015 0016 003f 0016 0015 0016 0014 0016 0014 0016 0014 0016 0015 0016 003f 0016 0015 0016 0015 0016 003f 0016 0015 0016 0014 0016 0014 0016 0014 0016 003f 0016 003f 0016 003f 0016 0015 0016 003f 0016 003f 0016 003f 0016 003f 0016 0015 0016 05e6

CD
0000 006d 0020 0002 0155 00aa 0016 003f 0016 0015 0016 003f 0016 003f 0016 003f 0016 003f 0016 003f 0016 0015 0016 0015 0016 003f 0016 0015 0016 0014 0016 0014 0016 0014 0016 0015 0016 003f 0016 003f 0016 003f 0016 003f 0016 0015 0016 0015 0016 0015 0016 0014 0016 003f 0016 0014 0016 0014 0016 0015 0016 003f 0016 003f 0016 003f 0016 003f 0016 0015 0016 05e6

LD
0000 006d 0020 0002 0155 00aa 0016 003f 0016 0015 0016 003f 0016 003f 0016 003f 0016 003f 0016 003f 0016 0015 0016 0015 0016 003f 0016 0015 0016 0014 0016 0014 0016 0014 0016 0015 0016 003f 0016 003f 0016 003f 0016 0015 0016 0015 0016 0015 0016 0014 0016 0014 0016 003f 0016 0014 0016 0015 0016 003f 0016 003f 0016 003f 0016 003f 0016 003f 0016 0015 0016 05e6

Test
0000 006d 0020 0002 0155 00aa 0016 003f 0016 0015 0016 003f 0016 003f 0016 003f 0016 003f 0016 003f 0016 0015 0016 0015 0016 003f 0016 0015 0016 0014 0016 0014 0016 0014 0016 0015 0016 003f 0016 0015 0016 003f 0016 0015 0016 003f 0016 0015 0016 0014 0016 003f 0016 003f 0016 003f 0016 0014 0016 003f 0016 0014 0016 003f 0016 003f 0016 0015 0016 0015 0016 05e6

Level
0000 006d 0022 0002 0155 00aa 0016 003f 0016 0015 0016 003f 0016 003f 0016 003f 0016 003f 0016 003f 0016 0015 0016 0014 0016 003f 0016 0014 0016 0015 0016 0015 0016 0015 0016 0015 0016 003f 0016 003f 0016 0014 0016 003f 0016 0014 0016 003f 0016 0015 0016 0015 0016 003f 0016 0015 0016 003f 0016 0014 0016 003f 0016 0014 0016 003f 0016 003f 0016 0014 0016 05e6 0155 0054 0016 0e39

Effect
0000 006d 0020 0002 0155 00aa 0016 003f 0016 0014 0016 003f 0016 003f 0016 003f 0016 003f 0016 003f 0016 0015 0016 0015 0016 003f 0016 0015 0016 0015 0016 0014 0016 0014 0016 0014 0016 003f 0016 003f 0016 0015 0016 0015 0016 0015 0016 0015 0016 0014 0016 003f 0016 003f 0016 0014 0016 003f 0016 003f 0016 003f 0016 003f 0016 003f 0016 0014 0016 0015 0016 05e6

Display
0000 006d 0022 0002 0155 00aa 0016 003f 0016 0015 0016 003f 0016 003f 0016 003f 0016 003f 0016 003f 0016 0014 0016 0014 0016 003f 0016 0014 0016 0015 0016 0015 0016 0015 0016 0014 0016 003f 0016 0014 0016 003f 0016 0014 0016 0015 0016 0015 0016 0015 0016 003f 0016 003f 0016 003f 0016 0014 0016 003f 0016 003f 0016 003f 0016 003f 0016 0014 0016 0015 0016 05e6 0155 0055 0016 0e39

